4294967279,7
4294967279,6
4294967279,5
4294967279,4
5,4
3,4
4294967294,1422
3,5
4294967293,131
4294967293,130
4294967293,129
4294967293,128
4294967293,127
4294967293,126
4294967293,125
4294967293,124
4294967293,123
4294967293,122
4294967293,121
4294967293,120
4294967293,119
4294967293,118
4294967293,117
4294967293,116
4294967293,115
4294967293,114
4294967293,113
4294967293,112
4294967293,111
4294967293,110
4294967293,109
4294967293,108
4294967293,107
4294967293,106
4294967293,105
4294967293,104
4294967293,103
4294967293,102
4294967293,101
4294967293,100
4294967293,99
4294967293,98
4294967293,97
4294967293,96
4294967293,95
4294967293,94
4294967293,93
4294967293,92
4294967293,91
4294967293,90
4294967293,89
4294967293,87
4294967293,86
4294967293,85
4294967293,84
4294967293,83
4294967293,82
4294967293,81
4294967293,80
4294967293,79
4294967293,78
4294967293,77
4294967293,76
4294967293,75
4294967293,74
4294967293,73
4294967293,72
4294967293,71
4294967293,70
4294967293,69
4294967293,68
4294967293,67
4294967293,66
4294967293,65
4294967293,64
4294967293,63
4294967293,62
4294967293,61
4294967293,60
4294967293,59
4294967293,58
4294967293,57
4294967293,56
4294967293,55
4294967293,54
4294967293,53
4294967293,52
4294967293,51
4294967293,50
4294967293,49
4294967293,48
4294967293,47
4294967293,46
4294967293,45
4294967293,44
4294967293,43
4294967293,42
4294967293,41
4294967293,40
4294967293,39
4294967293,38
4294967293,37
4294967293,36
4294967293,35
4294967293,34
4294967293,33
4294967293,32
4294967293,31
4294967293,30
4294967293,29
4294967293,28
4294967293,27
4294967293,26
4294967293,25
4294967293,24
4294967293,23
4294967293,22
4294967293,21
4294967293,20
4294967293,19
4294967293,18
4294967293,17
4294967293,16
4294967293,15
4294967293,14
4294967293,13
4294967293,12
4294967293,11
4294967293,10
4294967293,9
4294967293,8
4294967293,7
4294967293,6
4294967293,5
4294967293,4
4294967293,3
4294967279,87
4294967279,86
4294967279,85
4294967279,84
4294967279,83
4294967279,82
4294967279,81
4294967279,80
4294967279,79
4294967279,78
4294967279,77
4294967279,76
4294967279,75
4294967279,74
4294967279,73
4294967279,72
4294967279,71
4294967279,70
4294967279,69
4294967279,68
4294967279,67
4294967279,66
4294967279,65
4294967279,64
4294967279,63
4294967279,59
4294967279,57
4294967279,53
4294967279,48
4294967279,46
4294967279,42
4294967279,40
4294967279,38
4294967279,37
4294967279,36
4294967279,35
4294967279,33
4294967279,32
4294967279,31
4294967279,30
4294967279,29
4294967279,28
4294967279,27
4294967279,26
4294967278,337
4294967279,527
4294967278,381
4294967278,336
4294967279,56
4294967278,380
4294967279,55
4294967279,305
4294967278,166
4294967278,304
4294967279,54
4294967279,304
4294967278,165
4294967279,166
4294967294,990
4294967278,164
4294967278,302
4294967279,165
4294967279,573
4294967278,301
4294967278,158
4294967279,162
54,6
54,5
4294967279,161
54,4
4294967278,159
54,3
54,2
54,1
4294967278,333
4294967279,160
4294967279,523
4294967278,300
4294967279,34
4294967279,572
4294967279,540
4294967279,44
4294967278,299
4294967279,43
4294967279,300
4294967278,298
4294967278,153
4294967294,400
4294967294,185
4294967294,178
4294967294,387
4294967294,1020
4294967294,168
4294967294,465
4294967294,457
4294967294,469
4294967294,384
4294967294,399
4294967294,112
4294967279,153
4294967278,152
4294967279,152
4294967278,151
4294967279,39
4294967279,150
4294967279,146
4294967278,149
53,8
4294967279,149
53,7
4294967278,148
53,6
4294967279,148
53,5
4294967278,147
53,4
4294967279,147
53,3
53,2
53,1
4294967278,146
4294967278,328
4,3
4294967279,143
4294967278,141
4294967279,141
4294967278,140
4294967279,140
4294967278,139
4294967279,278
4294967279,277
4294967278,134
4294967278,273
4294967279,135
4294967278,283
4294967279,288
4294967294,441
4294967278,331
4294967279,518
3,3
4294967278,348
4294967279,517
4294967278,282
4294967279,272
4294967278,269
4294967278,281
4294967279,271
4294967278,268
4294967278,330
4294967278,264
4294967278,279
4294967279,266
4294967279,264
4294967279,283
4294967279,571
4294967279,514
49,7
4294967278,340
49,6
4294967279,257
49,5
4294967278,324
49,4
4294967279,512
49,3
49,2
49,1
4294967279,570
4294967278,257
10,4
4294967279,255
4294967279,254
4294967278,339
4294967278,37
4294967278,36
4294967278,35
4294967278,34
4294967278,33
4294967278,32
4294967278,31
4294967278,30
4294967278,29
4294967278,28
4294967278,27
4294967278,26
4294967278,25
4294967278,24
4294967278,23
4294967278,22
4294967278,21
